[ 3996.530949] [Project1] 3273 1588249743.085698689 1588249743.861891741
[ 3998.102636] [Project1] 3274 1588249744.649280714 1588249745.433592382
[ 3999.692634] [Project1] 3275 1588249746.217268575 1588249747.023603903
[ 4001.144257] [Project1] 3276 1588249747.714960824 1588249748.475239394
[ 4002.757764] [Project1] 3277 1588249749.284477848 1588249750.088759491
[ 4004.345091] [Project1] 3278 1588249750.886347250 1588249751.676100318
[ 4005.888080] [Project1] 3279 1588249752.459954182 1588249753.219102716
[ 4007.378960] [Project1] 3280 1588249753.938093387 1588249754.709994467
[ 4009.015710] [Project1] 3281 1588249755.556016676 1588249756.346759261
[ 4010.556631] [Project1] 3282 1588249757.101118483 1588249757.887692505
